0,491
0,490
0,489
0,488
0,487
0,486
0,485
0,484
0,483
0,482
0,481
0,480
0,479
0,478
0,477
45,5
45,4
45,3
45,2
45,1
45,0
0,476
0,475
0,474
44,5
0,473
0,472
0,471
0,470
0,469
44,4
44,3
44,2
0,468
44,1
44,0
0,467
0,466
0,465
0,464
0,463
43,4
43,3
43,2
0,462
43,1
43,0
0,461
0,460
42,4
0,459
0,458
0,457
0,456
0,455
42,3
42,2
42,1
42,0
41,3
41,2
41,1
41,0
0,454
0,453
40,5
40,4
40,3
40,2
0,452
40,1
40,0
39,5
39,4
39,3
39,2
39,1
39,0
0,451
0,450
0,449
0,448
38,4
38,3
38,2
0,447
38,1
38,0
0,446
0,445
0,444
37,4
0,443
0,442
0,441
0,440
0,439
0,438
0,437
0,436
37,3
37,2
0,435
37,1
37,0
0,434
0,433
0,432
36,3
36,2
0,431
36,1
36,0
0,430
0,429
0,428
0,427
0,426
0,425
0,424
0,423
0,422
0,421
0,420
0,419
0,418
0,417
0,416
0,415
0,414
0,413
0,412
0,411
0,410
0,409
0,408
35,4
